625
647
843
901
2067
2365
2392
2490
2491
493
953
1002
1869
1958
2180
2715
2875
3305
3317
3518
3529
3561
3563
3642
4053
5236
5645
5840
5950
6117
6390
6628
6722
6742
6785
6843
6920
7470
7922
8290
9883
11745
11940
12064
12079
12580
13307
13329
13451
13457
14740
166
355
1239
1442
1576
2224
2319
2372
2920
3622
3727
4054
95
129
142
503
554
1167
1561
1699
1871
2787
3240
4126
4299
4405
4452
6001
6281
6538
6543
6724
6731
6805
7191
7288
7325
7511
8382
8392
8949
9337
10231
10579
11715
11868
12192
12452
12670
13666
13844
13905
14195
14492
388
641
679
760
1877
3423
4062
4615
4836
5025
5093
5158
6185
6481
6801
6810
6842
7160
7251
7464
7477
8226
8607
9979
10087
10800
10978
11336
12155
12217
12516
12609
12705
13099
13170
13332
13749
13905
14175
14185
14261
14317
76
794
1247
1354
1905
2248
2372
2385
2441
3536
3662
3861
3972
4243
4384
4556
5469
5506
6071
6369
6462
7218
7292
8526
8778
8940
9360
9615
9633
10332
10358
10555
10930
12536
12652
13102
13385
13453
13799
14083
14715
14773
296
1124
1195
1519
1900
2034
2112
4130
4180
4288
4433
4480
5328
5528
6032
6371
7710
8509
8555
8917
9530
11025
11344
11425
11526
11684
12069
12102
12254
12701
12800
12890
13249
13554
13625
13918
13971
13986
13994
14628
14881
14933
343
524
663
900
1514
1935
2835
3300
3846
3943
5011
5184
5294
5912
6246
6328
6346
6625
6739
6838
8529
8955
9132
9245
9836
10644
10666
10739
10753
10988
11099
11212
11685
11961
12018
12066
12120
12251
12503
13335
13473
14269
219
471
990
1180
1724
1809
1918
1923
2221
2459
3027
3115
3426
3746
5195
6081
6480
7394
7523
7600
7620
7703
7771
8700
8988
9066
9099
9470
9478
9700
10392
10754
11007
11794
13357
13381
13485
13700
13784
13943
14659
14963
829
1474
1679
2081
2092
2482
2650
3301
3511
4061
5744
5940
6079
6331
6698
7375
7437
7695
8561
8782
9072
9575
9776
9903
10159
10515
10550
10706
11370
11478
12287
12507
12645
12868
13006
13310
13624
13814
14221
14241
14253
14690
129
249
477
853
1776
2041
2268
2478
2955
3091
3280
3636
3890
4032
4045
4550
4613
5028
5879
5918
6026
6120
6444
7128
7474
8982
9103
9280
10237
11808
11818
12281
12305
12440
12607
12934
13327
13364
13448
13699
13734
14183
121
466
498
1116
1666
2061
2239
2453
3821
3872
4776
5078
5164
5527
5682
6000
6592
6938
7103
7326
8504
8618
9041
9317
9496
9532
10049
10380
10657
10743
10818
11050
11148
11229
12158
12353
12704
13166
13856
13902
14008
14925
35
826
1456
1514
1599
2099
2390
3319
3448
3474
3529
3772
4446
4611
5616
5822
6162
6449
6795
7077
7890
8021
8755
9064
9396
9499
9794
10338
10521
11368
11567
11686
12025
12044
12238
12443
12549
13174
13663
13970
14263
14538
115
303
321
623
674
931
1462
1992
2432
2496
2864
2926
3305
4284
4985
5556
6044
6282
6375
6510
7225
8553
9237
9702
9728
9938
10068
10643
11279
11493
11765
12019
12307
12611
12722
12999
13081
13768
14317
14571
14763
14872
122
198
210
269
1311
1448
1555
1907
2260
2845
3366
3707
3800
4005
4114
5090
5803
6175
6233
6380
6510
6657
7531
7606
7817
8316
8397
8952
9209
9836
10361
10475
10483
10664
11090
11562
12849
13173
13349
13541
13722
14107
207
441
537
591
952
1079
1853
1857
2505
3195
3406
4292
4330
4435
5008
5267
5504
5792
6280
6407
7086
8020
8594
8838
9111
9297
9356
9459
9539
9774
9786
10031
11268
11688
11971
12669
13150
13521
13947
14144
14246
14599
209
420
704
1217
1690
2035
2100
2145
2368
4698
4717
5080
5083
6097
6183
6257
6993
7284
7347
7723
7786
7824
8168
8711
8751
9049
9626
10300
10335
10447
10655
10752
11539
12055
12814
12996
13123
13361
13508
14313
14580
14876
393
934
1271
1793
1985
2893
3202
3350
3854
3874
4200
4705
4956
5540
5593
5769
6224
7044
7086
7226
7777
8169
8368
8909
9125
9422
9709
9767
10677
11133
11305
11859
12481
12825
12975
13093
13491
13894
14205
14491
14562
14753
27
2
21
27
40
47
48
58
73
91
98
105
